0 0.398112 0.817871 0.012370 0.023438
0 0.399740 0.829346 0.011719 0.023926
0 0.409342 0.810303 0.016602 0.015137
0 0.431966 0.830322 0.005208 0.024902
0 0.437500 0.831787 0.005859 0.024902
0 0.447754 0.843506 0.005534 0.024902
0 0.459961 0.842285 0.004557 0.024414
1 0.467122 0.835693 0.005859 0.024902
1 0.490885 0.830322 0.009115 0.025879
0 0.494466 0.845459 0.005859 0.024902
0 0.511393 0.844238 0.004557 0.024414
0 0.516439 0.841064 0.004883 0.024902
0 0.522624 0.838623 0.012044 0.023926
0 0.528483 0.842773 0.004232 0.024414
0 0.533040 0.837402 0.004232 0.024414
0 0.551270 0.838135 0.004883 0.024902
0 0.557292 0.830078 0.003906 0.024414
0 0.562988 0.819580 0.008789 0.024902
0 0.571452 0.817139 0.008789 0.024902
0 0.585449 0.767090 0.004232 0.024414
0 0.664551 0.780029 0.005534 0.024902
0 0.668783 0.756104 0.015951 0.017090
0 0.677734 0.757324 0.013672 0.022461
0 0.661947 0.734131 0.016602 0.009277
0 0.677572 0.735107 0.013346 0.022949
0 0.692708 0.737549 0.005859 0.024902
0 0.671712 0.697754 0.010742 0.024414
0 0.686523 0.637451 0.005208 0.024902
0 0.212240 0.631592 0.013021 0.022949
0 0.266927 0.670410 0.012370 0.023438
1 0.292969 0.732910 0.014974 0.020508
0 0.319173 0.776855 0.013346 0.022461
0 0.338379 0.796875 0.004232 0.024414
0 0.334310 0.792969 0.004557 0.024414
0 0.360514 0.808105 0.004232 0.024414
0 0.374349 0.812744 0.005859 0.024902
0 0.378743 0.820312 0.010742 0.024414
