0 0.170410 0.309814 0.016602 0.014160
0 0.183105 0.466064 0.013997 0.021973
0 0.202311 0.526611 0.012044 0.023926
0 0.214844 0.545654 0.014974 0.020020
0 0.235189 0.587646 0.009440 0.024902
0 0.233724 0.601074 0.012370 0.023438
0 0.303874 0.675049 0.004883 0.024902
0 0.292318 0.666504 0.014323 0.021484
0 0.267741 0.645020 0.014648 0.020508
0 0.347005 0.701904 0.011719 0.023926
0 0.350586 0.705566 0.003906 0.024414
0 0.363118 0.706299 0.008138 0.024902
0 0.375977 0.712646 0.007812 0.024902
0 0.415527 0.708496 0.010742 0.024414
0 0.440430 0.713135 0.006510 0.024902
0 0.441569 0.717529 0.009440 0.024902
0 0.449707 0.711670 0.008789 0.024902
0 0.451986 0.720459 0.008789 0.024902
0 0.468099 0.715576 0.007161 0.024902
0 0.501465 0.700195 0.013346 0.022461
0 0.500814 0.684326 0.004883 0.024902
0 0.510579 0.696533 0.006836 0.024902
0 0.525716 0.684326 0.005208 0.024902
0 0.550293 0.669189 0.006836 0.024902
0 0.566406 0.676270 0.003906 0.024414
0 0.598470 0.639404 0.012695 0.022949
0 0.605143 0.601562 0.012370 0.023438
0 0.622233 0.572754 0.012695 0.023438
0 0.651042 0.571533 0.015625 0.019043
0 0.685221 0.535156 0.004557 0.024414
0 0.674479 0.527832 0.013672 0.022461
0 0.672038 0.451660 0.016602 0.008789
0 0.669596 0.400635 0.013672 0.021973
0 0.682129 0.317383 0.016602 0.012695
0 0.678548 0.254639 0.016602 0.011230
0 0.669759 0.269043 0.016602 0.012695
0 0.658691 0.164795 0.014648 0.020996
0 0.643392 0.160889 0.016602 0.010254
0 0.727865 0.083496 0.004557 0.024414
