0 0.071452 0.158691 0.016602 0.007812
0 0.051107 0.296875 0.016276 0.015625
0 0.069824 0.389404 0.016602 0.015137
0 0.118978 0.584229 0.008138 0.024902
0 0.152344 0.597900 0.005859 0.024902
0 0.171224 0.653076 0.005208 0.024902
0 0.183594 0.638184 0.004557 0.024414
0 0.233561 0.712646 0.006185 0.024902
0 0.245931 0.717041 0.006836 0.024902
0 0.263346 0.729980 0.004557 0.024414
0 0.277018 0.734619 0.005208 0.024902
0 0.287272 0.736084 0.009440 0.024902
0 0.301921 0.744385 0.010091 0.024902
0 0.348633 0.748779 0.008464 0.024902
0 0.375977 0.763184 0.004557 0.024414
0 0.410156 0.756836 0.011068 0.024414
0 0.430013 0.757080 0.007161 0.024902
0 0.453125 0.717529 0.007161 0.024902
0 0.470703 0.746338 0.011719 0.023926
0 0.469401 0.727539 0.003906 0.024414
0 0.480469 0.724609 0.004557 0.024414
0 0.470703 0.692627 0.014974 0.020020
0 0.603516 0.625488 0.016276 0.005859
0 0.609049 0.646729 0.004557 0.024902
0 0.621745 0.605957 0.016276 0.005859
0 0.629720 0.623291 0.008138 0.024902
0 0.643880 0.613281 0.010417 0.024414
0 0.630208 0.608398 0.004557 0.024414
0 0.688151 0.510254 0.015625 0.018555
0 0.696289 0.504639 0.008464 0.024902
0 0.713542 0.476074 0.016276 0.005859
0 0.703288 0.471191 0.016602 0.010742
0 0.681152 0.451904 0.016602 0.012207
0 0.743652 0.243652 0.004232 0.024414
0 0.741374 0.118408 0.010091 0.024902
0 0.706543 0.118408 0.008789 0.024902
0 0.722331 0.073242 0.010417 0.024414
0 0.697266 0.108643 0.008464 0.024902
0 0.709147 0.039062 0.011393 0.024414
