0 0.210612 0.518311 0.016276 0.016113
0 0.211426 0.553955 0.016602 0.013184
0 0.214518 0.570801 0.016276 0.016602
0 0.247070 0.627930 0.016276 0.016602
0 0.248372 0.640869 0.014974 0.020020
0 0.260091 0.633545 0.014323 0.020996
0 0.296875 0.693604 0.005208 0.024902
0 0.307943 0.690918 0.010417 0.024414
0 0.328125 0.721436 0.014974 0.020020
0 0.338379 0.725830 0.005534 0.024902
0 0.360840 0.730713 0.006185 0.024902
0 0.381022 0.746338 0.006836 0.024902
0 0.383464 0.746338 0.006510 0.024902
0 0.414551 0.748291 0.006836 0.024902
0 0.416667 0.750977 0.010417 0.024414
0 0.437337 0.759033 0.006836 0.024902
0 0.442871 0.751465 0.004232 0.024414
0 0.451823 0.750732 0.008464 0.024902
0 0.474609 0.755615 0.008464 0.024902
0 0.499023 0.744629 0.004557 0.024414
0 0.505046 0.741943 0.009440 0.024902
0 0.508626 0.737793 0.015951 0.017578
0 0.524902 0.739746 0.012695 0.023438
0 0.528971 0.734863 0.012370 0.023438
0 0.558105 0.709717 0.005534 0.024902
0 0.599121 0.685547 0.012695 0.023438
0 0.611003 0.684326 0.007161 0.024902
0 0.615723 0.684814 0.012044 0.023926
0 0.620280 0.656494 0.014648 0.020996
0 0.664876 0.630859 0.011393 0.024414
0 0.648438 0.619873 0.014974 0.020020
0 0.651693 0.605957 0.015625 0.018555
0 0.644206 0.618164 0.010417 0.024414
0 0.670898 0.579590 0.012370 0.023438
0 0.690592 0.569824 0.016602 0.013672
0 0.710938 0.512207 0.016276 0.015625
0 0.687337 0.176514 0.016602 0.011230
0 0.712077 0.254639 0.016602 0.008301
0 0.714355 0.348633 0.016602 0.009766
