0 0.191895 0.555420 0.012695 0.022949
0 0.385254 0.834229 0.006836 0.024902
0 0.483724 0.825928 0.009115 0.024902
0 0.228678 0.744873 0.009440 0.024902
0 0.177734 0.666016 0.014974 0.020508
0 0.229004 0.747803 0.013997 0.013184
1 0.499512 0.822754 0.004232 0.025391
0 0.254720 0.763184 0.010742 0.024414
0 0.166504 0.581787 0.014648 0.020996
0 0.277344 0.784424 0.014974 0.020020
0 0.284668 0.793457 0.012695 0.023438
0 0.298014 0.804443 0.005534 0.024902
0 0.307617 0.801025 0.005859 0.024902
0 0.328613 0.811279 0.010091 0.024902
0 0.330078 0.814453 0.003906 0.024414
0 0.341471 0.818115 0.009766 0.024902
0 0.357259 0.814697 0.006185 0.024902
0 0.358724 0.822998 0.008464 0.024902
0 0.378581 0.830322 0.007161 0.024902
0 0.389811 0.810791 0.005534 0.024902
0 0.403971 0.827393 0.007812 0.024902
0 0.426595 0.833740 0.007487 0.024902
0 0.424316 0.835449 0.004232 0.024414
0 0.442871 0.815186 0.008789 0.024902
0 0.449544 0.832764 0.009115 0.024902
0 0.451660 0.835693 0.008789 0.024902
0 0.487630 0.822266 0.011068 0.024414
0 0.493490 0.826660 0.003906 0.024414
0 0.530762 0.811768 0.011393 0.023926
0 0.538086 0.797363 0.015625 0.018555
0 0.544596 0.802490 0.006510 0.024902
0 0.560710 0.792480 0.010742 0.024414
0 0.590169 0.763672 0.015625 0.018555
0 0.620768 0.726807 0.016276 0.016113
0 0.647135 0.705811 0.016276 0.016113
0 0.661621 0.677002 0.013997 0.021973
0 0.680827 0.643799 0.014648 0.020996
0 0.654460 0.519287 0.005534 0.024902
0 0.723145 0.473877 0.016602 0.009277
