0 0.128092 0.252197 0.015951 0.018066
0 0.115560 0.274170 0.016276 0.016113
0 0.101400 0.367432 0.016602 0.015137
0 0.134603 0.449219 0.016602 0.007812
0 0.146322 0.547607 0.009440 0.024902
0 0.161784 0.540771 0.009766 0.024902
0 0.167806 0.583252 0.009440 0.024902
0 0.177572 0.591553 0.016602 0.015137
0 0.182129 0.625244 0.011393 0.023926
0 0.213704 0.650635 0.008789 0.024902
0 0.232259 0.679688 0.004232 0.024414
0 0.236491 0.677979 0.004883 0.024902
0 0.250488 0.708008 0.011393 0.024414
0 0.271322 0.720703 0.011393 0.024414
0 0.283366 0.732178 0.008789 0.024902
0 0.285807 0.745605 0.003906 0.024414
0 0.317057 0.740479 0.005859 0.024902
0 0.327637 0.762939 0.010091 0.024902
0 0.348145 0.746338 0.004883 0.024902
0 0.352376 0.754395 0.004232 0.024414
0 0.361003 0.747070 0.003906 0.024414
0 0.408040 0.753662 0.009440 0.024902
0 0.442871 0.733398 0.013997 0.021484
0 0.461751 0.741943 0.010091 0.024902
0 0.482096 0.743164 0.004557 0.024414
0 0.493327 0.719482 0.010091 0.024902
0 0.547852 0.681885 0.004557 0.024902
0 0.587402 0.642578 0.010742 0.024414
0 0.554362 0.662354 0.009766 0.024902
0 0.600586 0.590820 0.016276 0.016602
0 0.638997 0.566650 0.014974 0.020020
0 0.657389 0.522461 0.013346 0.022461
0 0.660319 0.512451 0.016602 0.011230
0 0.640299 0.513428 0.015625 0.018066
0 0.601562 0.240479 0.013672 0.021973
0 0.677734 0.284180 0.016276 0.005859
0 0.684570 0.211670 0.014974 0.020020
0 0.652344 0.187988 0.015625 0.018555
0 0.643717 0.078613 0.016602 0.009766
0 0.558105 0.064453 0.014648 0.020508
