0 0.559245 0.695312 0.016276 0.005859
0 0.603516 0.702637 0.016276 0.005859
0 0.266276 0.694336 0.016276 0.005859
0 0.381836 0.760742 0.016276 0.005859
0 0.275716 0.693848 0.016276 0.005859
0 0.415039 0.756836 0.016276 0.005859
0 0.704102 0.557617 0.016276 0.005859
0 0.351888 0.746582 0.016276 0.005859
0 0.643555 0.620117 0.016276 0.005859
0 0.317383 0.739746 0.016276 0.005859
0 0.543945 0.729492 0.016276 0.005859
0 0.221029 0.633301 0.016276 0.005859
0 0.329102 0.731934 0.016276 0.005859
0 0.452799 0.752441 0.016276 0.005859
0 0.693359 0.566406 0.016276 0.005859
0 0.431641 0.761230 0.016276 0.005859
0 0.602539 0.689941 0.016276 0.005859
0 0.227539 0.581055 0.016276 0.005859
0 0.624023 0.662109 0.016276 0.005859
0 0.410156 0.758301 0.016276 0.005859
0 0.344727 0.746094 0.016276 0.005859
0 0.499023 0.738281 0.016276 0.005859
0 0.396484 0.766113 0.016276 0.005859
0 0.597982 0.696777 0.016276 0.005859
0 0.467122 0.764160 0.016276 0.005859
0 0.379883 0.761230 0.016276 0.005859
0 0.495117 0.746094 0.016276 0.005859
0 0.260091 0.678223 0.016276 0.005859
0 0.664062 0.631348 0.016276 0.005859
0 0.174479 0.537109 0.016276 0.005859
0 0.184570 0.589844 0.016276 0.005859
0 0.226888 0.647461 0.016276 0.005859
0 0.600586 0.701172 0.016276 0.005859
0 0.396484 0.760742 0.016276 0.005859
0 0.467773 0.762207 0.016276 0.005859
0 0.261393 0.690918 0.016276 0.005859
0 0.215169 0.572754 0.016276 0.005859
0 0.282878 0.690430 0.016276 0.005859
0 0.315755 0.723633 0.016276 0.005859
0 0.193034 0.586426 0.016276 0.005859
0 0.497070 0.741211 0.016276 0.005859
0 0.353841 0.755859 0.016276 0.005859
0 0.174805 0.537109 0.016276 0.005859
0 0.603190 0.696289 0.016276 0.005859
0 0.222331 0.633301 0.016276 0.005859
0 0.182943 0.588867 0.016276 0.005859
0 0.431641 0.761230 0.016276 0.005859
0 0.592773 0.693359 0.016276 0.005859
0 0.388997 0.762207 0.016276 0.005859
0 0.318685 0.737793 0.016276 0.005859
0 0.190755 0.587891 0.016276 0.005859
0 0.649089 0.485840 0.016276 0.005859
0 0.653320 0.488770 0.016276 0.005859
0 0.648438 0.485352 0.016276 0.005859
0 0.284505 0.687988 0.016276 0.005859
0 0.589518 0.690918 0.016276 0.005859
0 0.286458 0.685547 0.016276 0.005859
0 0.695312 0.563477 0.016276 0.005859
0 0.467448 0.731445 0.016276 0.005859
0 0.634115 0.476562 0.016276 0.005859
0 0.654948 0.490234 0.016276 0.005859
0 0.638346 0.480469 0.016276 0.005859
0 0.241536 0.632324 0.016276 0.005859
0 0.238932 0.631836 0.016276 0.005859
0 0.230794 0.645996 0.016276 0.005859
0 0.595052 0.662109 0.016276 0.005859
0 0.479167 0.812988 0.016276 0.005859
0 0.180990 0.588867 0.016276 0.005859
0 0.197917 0.582031 0.016276 0.005859
0 0.479492 0.813477 0.016276 0.005859
0 0.353190 0.737793 0.016276 0.005859
0 0.595703 0.660645 0.016276 0.005859
0 0.651042 0.487305 0.016276 0.005859
0 0.291992 0.682617 0.016276 0.005859
0 0.321940 0.735840 0.016276 0.005859
