0 0.549479 0.148926 0.018880 0.013672
0 0.196777 0.808350 0.006836 0.024902
0 0.207357 0.802490 0.005208 0.024902
0 0.220540 0.796631 0.006185 0.024902
0 0.225749 0.806396 0.006185 0.024902
0 0.253743 0.805176 0.016602 0.013672
0 0.249186 0.816650 0.005534 0.024902
0 0.280924 0.815674 0.009766 0.024902
0 0.278158 0.815186 0.009440 0.024902
0 0.332682 0.803223 0.004557 0.024414
0 0.324707 0.805664 0.004232 0.024414
0 0.310059 0.806885 0.005534 0.024902
0 0.384928 0.774658 0.012044 0.023926
0 0.380046 0.777832 0.010742 0.024414
0 0.361979 0.791504 0.010417 0.024414
0 0.351237 0.796143 0.014974 0.020020
0 0.354167 0.791748 0.005208 0.024902
0 0.355306 0.790283 0.012695 0.022949
0 0.360026 0.791504 0.011068 0.024414
0 0.424967 0.736328 0.015299 0.019531
0 0.433919 0.724121 0.011068 0.024414
0 0.454915 0.709717 0.012044 0.023926
0 0.451823 0.681885 0.013672 0.021973
0 0.470378 0.677490 0.011719 0.023926
0 0.500000 0.656982 0.013672 0.021973
0 0.510254 0.628906 0.014648 0.020508
0 0.166829 0.793213 0.014648 0.020996
0 0.176595 0.785156 0.004232 0.024414
0 0.185547 0.760498 0.008464 0.024902
0 0.153646 0.766846 0.006510 0.024902
0 0.141276 0.774658 0.004557 0.024902
0 0.129883 0.751953 0.004557 0.024414
0 0.127767 0.760986 0.007487 0.024902
0 0.093424 0.706787 0.007161 0.024902
0 0.102051 0.728027 0.004232 0.024414
0 0.114746 0.738281 0.004232 0.024414
0 0.165853 0.631592 0.011393 0.023926
0 0.081055 0.662598 0.004557 0.024414
