0 0.138835 0.555420 0.010091 0.024902
0 0.154460 0.589355 0.016602 0.009766
0 0.168294 0.629883 0.014323 0.021484
0 0.163411 0.652344 0.013672 0.022461
0 0.181152 0.650146 0.004883 0.024902
0 0.206543 0.674561 0.006185 0.024902
0 0.222005 0.688232 0.007812 0.024902
0 0.228678 0.684814 0.004883 0.024902
0 0.229980 0.695068 0.005534 0.024902
0 0.238281 0.702148 0.004557 0.024414
0 0.244629 0.706299 0.004883 0.024902
0 0.246094 0.706543 0.010417 0.024414
0 0.261882 0.711670 0.006185 0.024902
0 0.268229 0.726318 0.009766 0.024902
0 0.293457 0.737793 0.004232 0.024414
0 0.298991 0.738037 0.008789 0.024902
0 0.313965 0.751709 0.004883 0.024902
0 0.338867 0.742920 0.007161 0.024902
0 0.348145 0.738037 0.010091 0.024902
0 0.350098 0.751709 0.013346 0.022949
0 0.359375 0.745361 0.009766 0.024902
0 0.361328 0.750732 0.007161 0.024902
0 0.363118 0.751221 0.008138 0.024902
0 0.372070 0.754883 0.003906 0.024414
0 0.428711 0.747314 0.007812 0.024902
0 0.452148 0.740723 0.004557 0.024414
0 0.482585 0.703369 0.009440 0.024902
0 0.567057 0.655273 0.012370 0.023438
0 0.540365 0.661865 0.014974 0.020020
0 0.629557 0.496094 0.012370 0.023438
0 0.632324 0.516357 0.010091 0.024902
0 0.646159 0.502930 0.011068 0.024414
0 0.646647 0.497314 0.011393 0.023926
0 0.644694 0.457275 0.016602 0.008301
0 0.653809 0.119385 0.016602 0.014160
0 0.668132 0.104492 0.012695 0.023438
0 0.686686 0.137207 0.016602 0.007812
0 0.677246 0.163086 0.016602 0.014648
0 0.650553 0.196777 0.016602 0.007812
0 0.672038 0.331299 0.009440 0.024902
